{
 "cells": [
  {
   "cell_type": "code",
   "execution_count": null,
   "id": "1fe4f4b0",
   "metadata": {},
   "outputs": [],
   "source": [
    "import numpy as np\n",
    "from math import pow\n",
    "\n",
    "from wedge_product import wedge_product\n",
    "\n",
    "def compute_gG2(G2_val):\n",
    "    # TODO: this function must be vectorized!\n",
    "    # Note that wedge_product is very slow\n",
    "    \"\"\"\n",
    "    Compute the gG2 metric from the G2 structure 3-form.\n",
    "    See: https://arxiv.org/pdf/math/0702077 EQ (2.3)\n",
    "    \"\"\"\n",
    "    B = np.zeros((7, 7))\n",
    "    for i in range(7):\n",
    "        for j in range(7):\n",
    "            if i <= j:  # avoid double counting by only computing upper triangle       \n",
    "                B[i,j] = wedge_product(G2_val[i,:,:], wedge_product(G2_val[j,:,:], G2_val))[0,1,2,3,4,5,6]\n",
    "    # Make B symmetric\n",
    "    B = B + B.T - np.diag(B.diagonal())             \n",
    "    detB = np.linalg.det(B)\n",
    "    factor = (1 / pow(36, 1 / 9)) * (1 / pow(detB, 1 / 9))\n",
    "    gG2 = factor * B\n",
    "    \n",
    "    return gG2"
   ]
  },
  {
   "cell_type": "code",
   "execution_count": 2,
   "id": "2eb72b21",
   "metadata": {},
   "outputs": [
    {
     "data": {
      "text/plain": [
       "array([[ 0.00000000e+00, -2.32714105e-01, -3.11886462e-01,\n",
       "         0.00000000e+00, -3.00236620e-02,  4.80714622e-02,\n",
       "         9.75593596e-01],\n",
       "       [-2.32714105e-01, -1.00804460e-02,  3.77235314e-01,\n",
       "        -3.00236620e-02, -3.43428548e-20, -1.49864258e-20,\n",
       "        -1.10894977e+00],\n",
       "       [-3.11886462e-01,  3.77235314e-01,  0.00000000e+00,\n",
       "        -1.01111730e-01, -6.00893213e-02,  0.00000000e+00,\n",
       "        -1.45581941e+00],\n",
       "       [ 0.00000000e+00, -3.00236620e-02, -1.01111730e-01,\n",
       "         0.00000000e+00, -6.69440113e-02,  5.51838218e-04,\n",
       "         1.44379760e-01],\n",
       "       [-3.00236620e-02, -3.43428548e-20, -6.00893213e-02,\n",
       "        -6.69440113e-02,  2.88012742e-03,  1.07008647e-01,\n",
       "         2.34080056e-01],\n",
       "       [ 4.80714622e-02, -1.49864258e-20,  0.00000000e+00,\n",
       "         5.51838218e-04,  1.07008647e-01,  0.00000000e+00,\n",
       "         1.93906922e-02],\n",
       "       [ 9.75593596e-01, -1.10894977e+00, -1.45581941e+00,\n",
       "         1.44379760e-01,  2.34080056e-01,  1.93906922e-02,\n",
       "         8.77069596e+00]])"
      ]
     },
     "execution_count": 2,
     "metadata": {},
     "output_type": "execute_result"
    }
   ],
   "source": [
    "# Usage:\n",
    "phi = np.array([[[ 0.        ,  0.        ,  0.        ,  0.        ,\n",
    "          0.        ,  0.        ,  0.        ],\n",
    "        [ 0.        ,  0.        ,  0.00781408,  0.        ,\n",
    "          0.        ,  0.09539319,  0.        ],\n",
    "        [ 0.        , -0.00781408,  0.        ,  0.        ,\n",
    "          0.09539319,  0.        ,  0.04260495],\n",
    "        [ 0.        ,  0.        ,  0.        ,  0.        ,\n",
    "          0.        ,  0.        ,  0.        ],\n",
    "        [ 0.        ,  0.        , -0.09539319,  0.        ,\n",
    "          0.        , -0.00781408,  0.25858703],\n",
    "        [ 0.        , -0.09539319,  0.        ,  0.        ,\n",
    "          0.00781408,  0.        ,  0.00560059],\n",
    "        [ 0.        ,  0.        , -0.04260495,  0.        ,\n",
    "         -0.25858703, -0.00560059,  0.        ]],\n",
    "\n",
    "       [[ 0.        ,  0.        , -0.00781408,  0.        ,\n",
    "          0.        , -0.09539319,  0.        ],\n",
    "        [ 0.        ,  0.        ,  0.        ,  0.        ,\n",
    "          0.        ,  0.        ,  0.        ],\n",
    "        [ 0.00781408,  0.        ,  0.        ,  0.09539319,\n",
    "          0.        ,  0.        , -0.09347799],\n",
    "        [ 0.        ,  0.        , -0.09539319,  0.        ,\n",
    "          0.        , -0.00781408,  0.        ],\n",
    "        [ 0.        ,  0.        ,  0.        ,  0.        ,\n",
    "          0.        ,  0.        ,  0.00560059],\n",
    "        [ 0.09539319,  0.        ,  0.        ,  0.00781408,\n",
    "          0.        ,  0.        ,  0.41617017],\n",
    "        [ 0.        ,  0.        ,  0.09347799,  0.        ,\n",
    "         -0.00560059, -0.41617017,  0.        ]],\n",
    "\n",
    "       [[ 0.        , -0.00781408,  0.        ,  0.        ,\n",
    "         -0.09539319,  0.        , -0.04260495],\n",
    "        [-0.00781408,  0.        ,  0.        , -0.09539319,\n",
    "          0.        ,  0.        ,  0.09347799],\n",
    "        [ 0.        ,  0.        ,  0.        ,  0.        ,\n",
    "          0.        ,  0.        ,  0.        ],\n",
    "        [ 0.        ,  0.09539319,  0.        ,  0.        ,\n",
    "         -0.00781408,  0.        , -0.34686119],\n",
    "        [ 0.09539319,  0.        ,  0.        ,  0.00781408,\n",
    "          0.        ,  0.        ,  0.        ],\n",
    "        [ 0.        ,  0.        ,  0.        ,  0.        ,\n",
    "          0.        ,  0.        ,  0.        ],\n",
    "        [ 0.04260495, -0.09347799,  0.        ,  0.34686119,\n",
    "          0.        ,  0.        ,  0.        ]],\n",
    "\n",
    "       [[ 0.        ,  0.        ,  0.        ,  0.        ,\n",
    "          0.        ,  0.        ,  0.        ],\n",
    "        [ 0.        ,  0.        , -0.09539319,  0.        ,\n",
    "          0.        ,  0.00781408,  0.        ],\n",
    "        [ 0.        , -0.09539319,  0.        ,  0.        ,\n",
    "          0.00781408,  0.        ,  0.34686119],\n",
    "        [ 0.        ,  0.        ,  0.        ,  0.        ,\n",
    "          0.        ,  0.        ,  0.        ],\n",
    "        [ 0.        ,  0.        , -0.00781408,  0.        ,\n",
    "          0.        , -0.09539319,  0.04260494],\n",
    "        [ 0.        , -0.00781408,  0.        ,  0.        ,\n",
    "          0.09539319,  0.        , -0.093478  ],\n",
    "        [ 0.        ,  0.        , -0.34686119,  0.        ,\n",
    "         -0.04260494,  0.093478  ,  0.        ]],\n",
    "\n",
    "       [[ 0.        ,  0.        , -0.09539319,  0.        ,\n",
    "          0.        ,  0.00781408, -0.25858703],\n",
    "        [ 0.        ,  0.        ,  0.        ,  0.        ,\n",
    "          0.        ,  0.        , -0.00560059],\n",
    "        [-0.09539319,  0.        ,  0.        ,  0.00781408,\n",
    "          0.        ,  0.        ,  0.        ],\n",
    "        [ 0.        ,  0.        ,  0.00781408,  0.        ,\n",
    "          0.        ,  0.09539319, -0.04260494],\n",
    "        [ 0.        ,  0.        ,  0.        ,  0.        ,\n",
    "          0.        ,  0.        ,  0.        ],\n",
    "        [-0.00781408,  0.        ,  0.        , -0.09539319,\n",
    "          0.        ,  0.        ,  0.        ],\n",
    "        [ 0.25858703,  0.00560059,  0.        ,  0.04260494,\n",
    "          0.        ,  0.        ,  0.        ]],\n",
    "\n",
    "       [[ 0.        , -0.09539319,  0.        ,  0.        ,\n",
    "          0.00781408,  0.        , -0.00560059],\n",
    "        [-0.09539319,  0.        ,  0.        ,  0.00781408,\n",
    "          0.        ,  0.        , -0.41617017],\n",
    "        [ 0.        ,  0.        ,  0.        ,  0.        ,\n",
    "          0.        ,  0.        ,  0.        ],\n",
    "        [ 0.        ,  0.00781408,  0.        ,  0.        ,\n",
    "          0.09539319,  0.        ,  0.093478  ],\n",
    "        [ 0.00781408,  0.        ,  0.        ,  0.09539319,\n",
    "          0.        ,  0.        ,  0.        ],\n",
    "        [ 0.        ,  0.        ,  0.        ,  0.        ,\n",
    "          0.        ,  0.        ,  0.        ],\n",
    "        [ 0.00560059,  0.41617017,  0.        , -0.093478  ,\n",
    "          0.        ,  0.        ,  0.        ]],\n",
    "\n",
    "       [[ 0.        ,  0.        ,  0.04260495,  0.        ,\n",
    "          0.25858703,  0.00560059,  0.        ],\n",
    "        [ 0.        ,  0.        , -0.09347799,  0.        ,\n",
    "          0.00560059,  0.41617017,  0.        ],\n",
    "        [-0.04260495,  0.09347799,  0.        , -0.34686119,\n",
    "          0.        ,  0.        ,  0.        ],\n",
    "        [ 0.        ,  0.        ,  0.34686119,  0.        ,\n",
    "          0.04260494, -0.093478  ,  0.        ],\n",
    "        [-0.25858703, -0.00560059,  0.        , -0.04260494,\n",
    "          0.        ,  0.        ,  0.        ],\n",
    "        [-0.00560059, -0.41617017,  0.        ,  0.093478  ,\n",
    "          0.        ,  0.        ,  0.        ],\n",
    "        [ 0.        ,  0.        ,  0.        ,  0.        ,\n",
    "          0.        ,  0.        ,  0.        ]]])\n",
    "gg2 = compute_gG2(phi)\n",
    "gg2"
   ]
  }
 ],
 "metadata": {
  "kernelspec": {
   "display_name": "LearningG2",
   "language": "python",
   "name": "python3"
  },
  "language_info": {
   "codemirror_mode": {
    "name": "ipython",
    "version": 3
   },
   "file_extension": ".py",
   "mimetype": "text/x-python",
   "name": "python",
   "nbconvert_exporter": "python",
   "pygments_lexer": "ipython3",
   "version": "3.9.21"
  }
 },
 "nbformat": 4,
 "nbformat_minor": 5
}
