{
 "cells": [
  {
   "cell_type": "code",
   "execution_count": 13,
   "id": "23947102",
   "metadata": {},
   "outputs": [
    {
     "name": "stdout",
     "output_type": "stream",
     "text": [
      "[[[ 0  0  0]\n",
      "  [ 0  0  2]\n",
      "  [ 0 -2  0]]\n",
      "\n",
      " [[ 0  0 -2]\n",
      "  [ 0  0  0]\n",
      "  [ 2  0  0]]\n",
      "\n",
      " [[ 0  2  0]\n",
      "  [-2  0  0]\n",
      "  [ 0  0  0]]]\n"
     ]
    }
   ],
   "source": [
    "import numpy as np\n",
    "\n",
    "def wedge_1form_2form(one_form, two_form):\n",
    "    \"\"\"\n",
    "    Compute the wedge product of a 1-form and a 2-form numerically.\n",
    "    one_form: shape (n,) – coefficients of 1-form\n",
    "    two_form: shape (n, n) – antisymmetric matrix of 2-form\n",
    "    Returns:\n",
    "        A rank-3 antisymmetric tensor: shape (n, n, n)\n",
    "    \"\"\"\n",
    "    n = one_form.shape[0]\n",
    "    result = np.zeros((n, n, n))\n",
    "    for i in range(n):\n",
    "        for j in range(n):\n",
    "            for k in range(n):\n",
    "                result[i, j, k] = (\n",
    "                    one_form[i] * two_form[j, k]\n",
    "                    - one_form[j] * two_form[i, k]\n",
    "                    + one_form[k] * two_form[i, j]\n",
    "                )\n",
    "    return result\n",
    "one_form = np.array([1, 2, 3])\n",
    "two_form = np.array([\n",
    "    [ 0,  1,  2],\n",
    "    [-1,  0,  3],\n",
    "    [-2, -3,  0]\n",
    "])\n",
    "\n",
    "wedge_result = wedge_1form_2form(one_form, two_form)\n",
    "\n",
    "print(np.round(wedge_result).astype(int))"
   ]
  },
  {
   "cell_type": "code",
   "execution_count": 105,
   "id": "9ec777c0",
   "metadata": {},
   "outputs": [
    {
     "name": "stdout",
     "output_type": "stream",
     "text": [
      "[[ 0 -3 -6]\n",
      " [ 3  0 -3]\n",
      " [ 6  3  0]]\n"
     ]
    }
   ],
   "source": [
    "import numpy as np\n",
    "from itertools import permutations\n",
    "from math import factorial\n",
    "\n",
    "def sign_of_permutation(p):\n",
    "    \"\"\"Return the sign (+1 or -1) of a permutation.\"\"\"\n",
    "    inversions = 0\n",
    "    p = list(p)\n",
    "    for i in range(len(p)):\n",
    "        for j in range(i+1, len(p)):\n",
    "            if p[i] > p[j]:\n",
    "                inversions += 1\n",
    "    return (-1)**inversions\n",
    "\n",
    "def wedge_product(A, B):\n",
    "    \"\"\"\n",
    "    Wedge product A ∧ B of antisymmetric tensors A (rank p) and B (rank q).\n",
    "    A shape: (n,)*p\n",
    "    B shape: (n,)*q\n",
    "    Output shape: (n,)*(p+q)\n",
    "    \"\"\"\n",
    "    p = A.ndim\n",
    "    q = B.ndim\n",
    "    n = A.shape[0]\n",
    "\n",
    "    # Full tensor product (no contraction)\n",
    "    tensor_prod = np.tensordot(A, B, axes=0)  # shape: (n,)*p + (n,)*q\n",
    "    tensor_prod = tensor_prod.reshape((n,) * (p + q))\n",
    "\n",
    "    # Antisymmetrize over all indices\n",
    "    result = np.zeros_like(tensor_prod, dtype=np.float64)\n",
    "    for perm in set(permutations(range(p + q))):\n",
    "        sign = sign_of_permutation(perm)\n",
    "        permuted = np.transpose(tensor_prod, perm)\n",
    "        result += sign * permuted\n",
    "    # result /= factorial(p + q)\n",
    "    return result\n",
    "\n",
    "a = np.array([1, 2, 3])  # 1-form\n",
    "b = np.array([4,5,6])  # 2-form\n",
    "\n",
    "wedge_ab = wedge_product(a, b)\n",
    "print(np.round(wedge_ab).astype(int))  # shape (3,3,3)"
   ]
  },
  {
   "cell_type": "code",
   "execution_count": 78,
   "id": "8277dad4",
   "metadata": {},
   "outputs": [],
   "source": [
    "phi = np.array([[[ 0.   ,  0.   ,  0.   ,  0.   ,  0.   ,  0.   ,  0.   ],\n",
    "        [ 0.   ,  0.   ,  0.008,  0.   ,  0.   ,  0.095,  0.   ],\n",
    "        [ 0.   , -0.008,  0.   ,  0.   ,  0.095,  0.   ,  0.021],\n",
    "        [ 0.   ,  0.   ,  0.   ,  0.   ,  0.   ,  0.   ,  0.   ],\n",
    "        [ 0.   ,  0.   , -0.095,  0.   ,  0.   , -0.008,  0.078],\n",
    "        [ 0.   , -0.095,  0.   ,  0.   ,  0.008,  0.   ,  0.008],\n",
    "        [ 0.   ,  0.   , -0.021,  0.   , -0.078, -0.008,  0.   ]],\n",
    "\n",
    "       [[ 0.   ,  0.   , -0.008,  0.   ,  0.   , -0.095,  0.   ],\n",
    "        [ 0.   ,  0.   ,  0.   ,  0.   ,  0.   ,  0.   ,  0.   ],\n",
    "        [ 0.008,  0.   ,  0.   ,  0.095,  0.   ,  0.   , -0.03 ],\n",
    "        [ 0.   ,  0.   , -0.095,  0.   ,  0.   , -0.008,  0.   ],\n",
    "        [ 0.   ,  0.   ,  0.   ,  0.   ,  0.   ,  0.   ,  0.008],\n",
    "        [ 0.095,  0.   ,  0.   ,  0.008,  0.   ,  0.   ,  0.121],\n",
    "        [ 0.   ,  0.   ,  0.03 ,  0.   , -0.008, -0.121,  0.   ]],\n",
    "\n",
    "       [[ 0.   , -0.008,  0.   ,  0.   , -0.095,  0.   , -0.021],\n",
    "        [-0.008,  0.   ,  0.   , -0.095,  0.   ,  0.   ,  0.03 ],\n",
    "        [ 0.   ,  0.   ,  0.   ,  0.   ,  0.   ,  0.   ,  0.   ],\n",
    "        [ 0.   ,  0.095,  0.   ,  0.   , -0.008,  0.   , -0.102],\n",
    "        [ 0.095,  0.   ,  0.   ,  0.008,  0.   ,  0.   ,  0.   ],\n",
    "        [ 0.   ,  0.   ,  0.   ,  0.   ,  0.   ,  0.   ,  0.   ],\n",
    "        [ 0.021, -0.03 ,  0.   ,  0.102,  0.   ,  0.   ,  0.   ]],\n",
    "\n",
    "       [[ 0.   ,  0.   ,  0.   ,  0.   ,  0.   ,  0.   ,  0.   ],\n",
    "        [ 0.   ,  0.   , -0.095,  0.   ,  0.   ,  0.008,  0.   ],\n",
    "        [ 0.   , -0.095,  0.   ,  0.   ,  0.008,  0.   ,  0.102],\n",
    "        [ 0.   ,  0.   ,  0.   ,  0.   ,  0.   ,  0.   ,  0.   ],\n",
    "        [ 0.   ,  0.   , -0.008,  0.   ,  0.   , -0.095,  0.021],\n",
    "        [ 0.   , -0.008,  0.   ,  0.   ,  0.095,  0.   , -0.03 ],\n",
    "        [ 0.   ,  0.   , -0.102,  0.   , -0.021,  0.03 ,  0.   ]],\n",
    "\n",
    "       [[ 0.   ,  0.   , -0.095,  0.   ,  0.   ,  0.008, -0.078],\n",
    "        [ 0.   ,  0.   ,  0.   ,  0.   ,  0.   ,  0.   , -0.008],\n",
    "        [-0.095,  0.   ,  0.   ,  0.008,  0.   ,  0.   ,  0.   ],\n",
    "        [ 0.   ,  0.   ,  0.008,  0.   ,  0.   ,  0.095, -0.021],\n",
    "        [ 0.   ,  0.   ,  0.   ,  0.   ,  0.   ,  0.   ,  0.   ],\n",
    "        [-0.008,  0.   ,  0.   , -0.095,  0.   ,  0.   ,  0.   ],\n",
    "        [ 0.078,  0.008,  0.   ,  0.021,  0.   ,  0.   ,  0.   ]],\n",
    "\n",
    "       [[ 0.   , -0.095,  0.   ,  0.   ,  0.008,  0.   , -0.008],\n",
    "        [-0.095,  0.   ,  0.   ,  0.008,  0.   ,  0.   , -0.121],\n",
    "        [ 0.   ,  0.   ,  0.   ,  0.   ,  0.   ,  0.   ,  0.   ],\n",
    "        [ 0.   ,  0.008,  0.   ,  0.   ,  0.095,  0.   ,  0.03 ],\n",
    "        [ 0.008,  0.   ,  0.   ,  0.095,  0.   ,  0.   ,  0.   ],\n",
    "        [ 0.   ,  0.   ,  0.   ,  0.   ,  0.   ,  0.   ,  0.   ],\n",
    "        [ 0.008,  0.121,  0.   , -0.03 ,  0.   ,  0.   ,  0.   ]],\n",
    "\n",
    "       [[ 0.   ,  0.   ,  0.021,  0.   ,  0.078,  0.008,  0.   ],\n",
    "        [ 0.   ,  0.   , -0.03 ,  0.   ,  0.008,  0.121,  0.   ],\n",
    "        [-0.021,  0.03 ,  0.   , -0.102,  0.   ,  0.   ,  0.   ],\n",
    "        [ 0.   ,  0.   ,  0.102,  0.   ,  0.021, -0.03 ,  0.   ],\n",
    "        [-0.078, -0.008,  0.   , -0.021,  0.   ,  0.   ,  0.   ],\n",
    "        [-0.008, -0.121,  0.   ,  0.03 ,  0.   ,  0.   ,  0.   ],\n",
    "        [ 0.   ,  0.   ,  0.   ,  0.   ,  0.   ,  0.   ,  0.   ]]])"
   ]
  },
  {
   "cell_type": "code",
   "execution_count": 115,
   "id": "47f8f170",
   "metadata": {},
   "outputs": [],
   "source": [
    "import numpy as np\n",
    "from itertools import combinations\n",
    "from joblib import Parallel, delayed\n",
    "\n",
    "# Assuming G2_val and phi are defined globally or passed in\n",
    "def process_pair(i, j, phi):\n",
    "    B1 = np.zeros((7, 7))\n",
    "    B2 = np.zeros((7, 7))\n",
    "\n",
    "    for comb in combinations(range(7), 3):\n",
    "        a, b, c = comb\n",
    "        T = [a, b, c]\n",
    "\n",
    "        if i in T:\n",
    "            pos = T.index(i)\n",
    "            ids = T[:pos] + T[pos+1:]\n",
    "            sign = (-1) ** pos\n",
    "            B1[ids[0], ids[1]] += sign * phi[a, b, c]\n",
    "\n",
    "        if j in T:\n",
    "            pos = T.index(j)\n",
    "            ids = T[:pos] + T[pos+1:]\n",
    "            sign = (-1) ** pos\n",
    "            B2[ids[0], ids[1]] += sign * phi[a, b, c]\n",
    "\n",
    "    wedge = wedge_product(B2, phi)\n",
    "    result = wedge_product(B1, wedge)\n",
    "    return (i, j, result[0, 1, 2, 3, 4, 5, 6])\n",
    "\n",
    "# Run in parallel\n",
    "def compute_gG2_parallel(G2_val):\n",
    "    B = np.zeros((7, 7))\n",
    "\n",
    "    results = Parallel(n_jobs=-1)(  # -1 uses all available CPUs\n",
    "        delayed(process_pair)(i, j, G2_val) for i, j in combinations(range(7), 2)\n",
    "    )\n",
    "\n",
    "    for i, j, val in results:\n",
    "        B[i, j] = val\n",
    "\n",
    "    B = B + B.T - np.diag(np.diag(B))\n",
    "    \n",
    "    gG2 = np.zeros((7, 7))\n",
    "    detB = np.linalg.det(B)\n",
    "    factor = (1 / pow(36, 2 / 9)) * (1 / pow(detB, 1 / 9))\n",
    "    gG2 = factor * B\n",
    "    \n",
    "    return np.around(gG2, decimals=12)"
   ]
  },
  {
   "cell_type": "code",
   "execution_count": 111,
   "id": "1fe4f4b0",
   "metadata": {},
   "outputs": [],
   "source": [
    "import numpy as np\n",
    "from itertools import permutations, combinations\n",
    "from math import pow\n",
    "\n",
    "def compute_gG2(G2_val):\n",
    "    # def sign_of_permutation(p):\n",
    "    #     return (-1) ** sum(i < j and p[i] > p[j] for i in range(len(p)) for j in range(i + 1, len(p)))\n",
    "\n",
    "    B = np.zeros((7, 7))\n",
    "    gG2 = np.zeros((7, 7))\n",
    "\n",
    "    for aux in combinations(list(range(7)), 2):\n",
    "        i, j = aux[0], aux[1]     \n",
    "        B1 = np.zeros((7, 7))\n",
    "        B2 = np.zeros((7, 7))\n",
    "\n",
    "        for comb in combinations(range(7), 3):\n",
    "            a, b, c = comb[0], comb[1], comb[2]\n",
    "            # contraction by del/del x_i\n",
    "            T = [a, b, c]\n",
    "            if i in T:\n",
    "                pos = T.index(i)\n",
    "                ids = T[:pos] + T[pos+1:]\n",
    "                sign = (-1) ** (pos)\n",
    "                B1[ids[0], ids[1]] += sign * G2_val[a, b, c]\n",
    "            \n",
    "            # contraction by del/del x_j\n",
    "            if j in T:\n",
    "                pos = T.index(j)\n",
    "                ids = T[:pos] + T[pos+1:]\n",
    "                sign = (-1) ** (pos)\n",
    "                B2[ids[0], ids[1]] += sign * G2_val[a, b, c]\n",
    "\n",
    "      \n",
    "        # (*Construct B_ij by contracting (\\del/\\del x_i \\lrcorner \\phi)\\wedge(\\del/\\del x_j \\lrcorner \\phi)\\wedge \\phi with the canonical vectors *)\n",
    "        \n",
    "        B[i,j] = wedge_product(B1, wedge_product(B2, phi))[0,1,2,3,4,5,6]\n",
    "        \n",
    "        \n",
    "    #Symmetrize B \n",
    "    B = B + B.T - np.diag(np.diag(B))\n",
    "    \n",
    "    detB = np.linalg.det(B)\n",
    "    factor = (1 / pow(36, 2 / 9)) * (1 / pow(detB, 1 / 9))\n",
    "    gG2 = factor * B\n",
    "    \n",
    "    return np.around(gG2, decimals=12)"
   ]
  },
  {
   "cell_type": "code",
   "execution_count": 112,
   "id": "2d54864d",
   "metadata": {},
   "outputs": [
    {
     "data": {
      "text/plain": [
       "array([[ 0.        , -0.33561323, -0.40445697,  0.        , -0.09035741,\n",
       "         0.21943942,  0.40278147],\n",
       "       [-0.33561323,  0.        ,  0.52063078, -0.09035741, -0.        ,\n",
       "        -0.12908201, -0.41210321],\n",
       "       [-0.40445697,  0.52063078,  0.        , -0.21943942, -0.12908201,\n",
       "         0.        , -0.58428444],\n",
       "       [ 0.        , -0.09035741, -0.21943942,  0.        , -0.33561323,\n",
       "         0.40445697,  0.16373806],\n",
       "       [-0.09035741, -0.        , -0.12908201, -0.33561323,  0.        ,\n",
       "         0.52063078,  0.02057234],\n",
       "       [ 0.21943942, -0.12908201,  0.        ,  0.40445697,  0.52063078,\n",
       "         0.        ,  0.09474781],\n",
       "       [ 0.40278147, -0.41210321, -0.58428444,  0.16373806,  0.02057234,\n",
       "         0.09474781,  0.        ]])"
      ]
     },
     "execution_count": 112,
     "metadata": {},
     "output_type": "execute_result"
    }
   ],
   "source": [
    "compute_gG2(phi)"
   ]
  },
  {
   "cell_type": "code",
   "execution_count": 113,
   "id": "85af6328",
   "metadata": {},
   "outputs": [],
   "source": [
    "metric = np.array([[ 0.        , -0.33561323, -0.40445697,  0.        , -0.09035741,\n",
    "         0.21943942,  0.40278147],\n",
    "       [-0.33561323,  0.        ,  0.52063078, -0.09035741, -0.        ,\n",
    "        -0.12908201, -0.41210321],\n",
    "       [-0.40445697,  0.52063078,  0.        , -0.21943942, -0.12908201,\n",
    "         0.        , -0.58428444],\n",
    "       [ 0.        , -0.09035741, -0.21943942,  0.        , -0.33561323,\n",
    "         0.40445697,  0.16373806],\n",
    "       [-0.09035741, -0.        , -0.12908201, -0.33561323,  0.        ,\n",
    "         0.52063078,  0.02057234],\n",
    "       [ 0.21943942, -0.12908201,  0.        ,  0.40445697,  0.52063078,\n",
    "         0.        ,  0.09474781],\n",
    "       [ 0.40278147, -0.41210321, -0.58428444,  0.16373806,  0.02057234,\n",
    "         0.09474781,  0.        ]])"
   ]
  },
  {
   "cell_type": "code",
   "execution_count": 116,
   "id": "452fede7",
   "metadata": {},
   "outputs": [
    {
     "data": {
      "text/plain": [
       "array([[ 0.        , -0.33561323, -0.40445697,  0.        , -0.09035741,\n",
       "         0.21943942,  0.40278147],\n",
       "       [-0.33561323,  0.        ,  0.52063078, -0.09035741, -0.        ,\n",
       "        -0.12908201, -0.41210321],\n",
       "       [-0.40445697,  0.52063078,  0.        , -0.21943942, -0.12908201,\n",
       "         0.        , -0.58428444],\n",
       "       [ 0.        , -0.09035741, -0.21943942,  0.        , -0.33561323,\n",
       "         0.40445697,  0.16373806],\n",
       "       [-0.09035741, -0.        , -0.12908201, -0.33561323,  0.        ,\n",
       "         0.52063078,  0.02057234],\n",
       "       [ 0.21943942, -0.12908201,  0.        ,  0.40445697,  0.52063078,\n",
       "         0.        ,  0.09474781],\n",
       "       [ 0.40278147, -0.41210321, -0.58428444,  0.16373806,  0.02057234,\n",
       "         0.09474781,  0.        ]])"
      ]
     },
     "execution_count": 116,
     "metadata": {},
     "output_type": "execute_result"
    }
   ],
   "source": [
    "compute_gG2_parallel(phi)"
   ]
  },
  {
   "cell_type": "code",
   "execution_count": 117,
   "id": "8acc23ed",
   "metadata": {},
   "outputs": [],
   "source": [
    "metri_par = np.array([[ 0.        , -0.33561323, -0.40445697,  0.        , -0.09035741,\n",
    "         0.21943942,  0.40278147],\n",
    "       [-0.33561323,  0.        ,  0.52063078, -0.09035741, -0.        ,\n",
    "        -0.12908201, -0.41210321],\n",
    "       [-0.40445697,  0.52063078,  0.        , -0.21943942, -0.12908201,\n",
    "         0.        , -0.58428444],\n",
    "       [ 0.        , -0.09035741, -0.21943942,  0.        , -0.33561323,\n",
    "         0.40445697,  0.16373806],\n",
    "       [-0.09035741, -0.        , -0.12908201, -0.33561323,  0.        ,\n",
    "         0.52063078,  0.02057234],\n",
    "       [ 0.21943942, -0.12908201,  0.        ,  0.40445697,  0.52063078,\n",
    "         0.        ,  0.09474781],\n",
    "       [ 0.40278147, -0.41210321, -0.58428444,  0.16373806,  0.02057234,\n",
    "         0.09474781,  0.        ]])"
   ]
  },
  {
   "cell_type": "code",
   "execution_count": 120,
   "id": "82f346df",
   "metadata": {},
   "outputs": [
    {
     "data": {
      "text/plain": [
       "0.09718937694928347"
      ]
     },
     "execution_count": 120,
     "metadata": {},
     "output_type": "execute_result"
    }
   ],
   "source": [
    "np.sqrt(np.linalg.det(metric))"
   ]
  }
 ],
 "metadata": {
  "kernelspec": {
   "display_name": "LearningG2",
   "language": "python",
   "name": "python3"
  },
  "language_info": {
   "codemirror_mode": {
    "name": "ipython",
    "version": 3
   },
   "file_extension": ".py",
   "mimetype": "text/x-python",
   "name": "python",
   "nbconvert_exporter": "python",
   "pygments_lexer": "ipython3",
   "version": "3.9.21"
  }
 },
 "nbformat": 4,
 "nbformat_minor": 5
}
